
Graph 1, order 6.
000001
000001
000001
000001
000001
111110

Graph 2, order 6.
000011
000001
000001
000001
100000
111100

Graph 3, order 6.
000011
000001
000001
000001
100001
111110

Graph 4, order 6.
000010
000010
000001
000001
110001
001110

Graph 5, order 6.
000011
000010
000001
000001
110000
101100

Graph 6, order 6.
000011
000010
000001
000001
110001
101110

Graph 7, order 6.
000011
000011
000001
000001
110000
111100

Graph 8, order 6.
000011
000011
000001
000001
110001
111110

Graph 9, order 6.
000011
000011
000010
000001
111000
110100

Graph 10, order 6.
000011
000011
000010
000001
111001
110110

Graph 11, order 6.
000011
000011
000011
000001
111000
111100

Graph 12, order 6.
000011
000011
000011
000001
111001
111110

Graph 13, order 6.
000011
000011
000011
000011
111100
111100

Graph 14, order 6.
000011
000011
000011
000011
111101
111110

Graph 15, order 6.
000101
000011
000001
100000
010000
111000

Graph 16, order 6.
000101
000011
000001
100001
010000
111100

Graph 17, order 6.
000101
000011
000001
100001
010001
111110

Graph 18, order 6.
000101
000010
000010
100001
011001
100110

Graph 19, order 6.
000101
000011
000010
100000
011000
110000

Graph 20, order 6.
000101
000011
000010
100000
011001
110010

Graph 21, order 6.
000101
000011
000010
100001
011000
110100

Graph 22, order 6.
000101
000011
000010
100001
011001
110110

Graph 23, order 6.
000101
000011
000011
100000
011000
111000

Graph 24, order 6.
000101
000011
000011
100000
011001
111010

Graph 25, order 6.
000101
000011
000011
100001
011000
111100

Graph 26, order 6.
000101
000011
000011
100001
011001
111110

Graph 27, order 6.
000111
000001
000001
100011
100100
111100

Graph 28, order 6.
000111
000001
000001
100011
100101
111110

Graph 29, order 6.
000110
000011
000001
100001
110000
011100

Graph 30, order 6.
000111
000010
000001
100000
110001
101010

Graph 31, order 6.
000111
000011
000001
100000
110000
111000

Graph 32, order 6.
000111
000011
000001
100000
110001
111010

Graph 33, order 6.
000111
000011
000001
100001
110000
111100

Graph 34, order 6.
000111
000011
000001
100001
110001
111110

Graph 35, order 6.
000111
000010
000001
100011
110101
101110

Graph 36, order 6.
000111
000011
000001
100011
110100
111100

Graph 37, order 6.
000111
000011
000001
100011
110101
111110

Graph 38, order 6.
000110
000011
000011
100001
111000
011100

Graph 39, order 6.
000110
000011
000011
100001
111001
011110

Graph 40, order 6.
000111
000011
000010
100001
111001
110110

Graph 41, order 6.
000111
000011
000011
100000
111001
111010

Graph 42, order 6.
000111
000011
000011
100001
111000
111100

Graph 43, order 6.
000111
000011
000011
100001
111001
111110

Graph 44, order 6.
000111
000011
000011
100011
111100
111100

Graph 45, order 6.
000111
000011
000011
100011
111101
111110

Graph 46, order 6.
000110
000101
000010
110001
101001
010110

Graph 47, order 6.
000110
000101
000011
110000
101000
011000

Graph 48, order 6.
000110
000101
000011
110001
101000
011100

Graph 49, order 6.
000110
000101
000011
110001
101001
011110

Graph 50, order 6.
000111
000100
000010
110001
101001
100110

Graph 51, order 6.
000111
000100
000011
110001
101000
101100

Graph 52, order 6.
000111
000101
000010
110001
101001
110110

Graph 53, order 6.
000111
000101
000011
110000
101000
111000

Graph 54, order 6.
000111
000101
000011
110001
101000
111100

Graph 55, order 6.
000111
000101
000011
110001
101001
111110

Graph 56, order 6.
000110
000101
000011
110011
101101
011110

Graph 57, order 6.
000111
000101
000011
110011
101100
111100

Graph 58, order 6.
000111
000101
000011
110011
101101
111110

Graph 59, order 6.
000111
000111
000001
110000
110000
111000

Graph 60, order 6.
000111
000111
000001
110001
110000
111100

Graph 61, order 6.
000111
000111
000001
110001
110001
111110

Graph 62, order 6.
000111
000110
000001
110011
110101
101110

Graph 63, order 6.
000111
000111
000001
110011
110100
111100

Graph 64, order 6.
000111
000111
000001
110011
110101
111110

Graph 65, order 6.
000111
000111
000010
110001
111000
110100

Graph 66, order 6.
000111
000111
000011
110000
111000
111000

Graph 67, order 6.
000111
000111
000011
110000
111001
111010

Graph 68, order 6.
000111
000111
000011
110001
111000
111100

Graph 69, order 6.
000111
000111
000011
110001
111001
111110

Graph 70, order 6.
000111
000111
000011
110011
111101
111110

Graph 71, order 6.
000111
000111
000110
111001
111001
110110

Graph 72, order 6.
000111
000111
000111
111000
111000
111000

Graph 73, order 6.
000111
000111
000111
111001
111000
111100

Graph 74, order 6.
000111
000111
000111
111001
111001
111110

Graph 75, order 6.
000111
000111
000111
111011
111101
111110

Graph 76, order 6.
001011
000101
100010
010001
101000
110100

Graph 77, order 6.
001011
000101
100011
010000
101000
111000

Graph 78, order 6.
001011
000101
100011
010000
101001
111010

Graph 79, order 6.
001011
000101
100011
010001
101000
111100

Graph 80, order 6.
001011
000101
100011
010001
101001
111110

Graph 81, order 6.
001011
000110
100011
010001
111001
101110

Graph 82, order 6.
001011
000111
100010
010001
111000
110100

Graph 83, order 6.
001011
000111
100010
010001
111001
110110

Graph 84, order 6.
001011
000111
100011
010000
111001
111010

Graph 85, order 6.
001011
000111
100011
010001
111000
111100

Graph 86, order 6.
001011
000111
100011
010001
111001
111110

Graph 87, order 6.
001011
000111
100011
010011
111100
111100

Graph 88, order 6.
001011
000111
100011
010011
111101
111110

Graph 89, order 6.
001111
000001
100111
101011
101100
111100

Graph 90, order 6.
001111
000001
100111
101011
101101
111110

Graph 91, order 6.
001111
000011
100111
101000
111001
111010

Graph 92, order 6.
001111
000011
100111
101001
111000
111100

Graph 93, order 6.
001111
000011
100111
101001
111001
111110

Graph 94, order 6.
001111
000011
100111
101011
111101
111110

Graph 95, order 6.
001101
000111
100010
110001
011000
110100

Graph 96, order 6.
001101
000111
100011
110000
011000
111000

Graph 97, order 6.
001101
000111
100011
110001
011000
111100

Graph 98, order 6.
001101
000111
100011
110001
011001
111110

Graph 99, order 6.
001110
000111
100011
110001
111000
011100

Graph 100, order 6.
001111
000111
100010
110001
111001
110110

Graph 101, order 6.
001111
000111
100011
110001
111000
111100

Graph 102, order 6.
001111
000111
100011
110001
111001
111110

Graph 103, order 6.
001111
000111
100011
110011
111101
111110

Graph 104, order 6.
001111
000111
100111
111011
111101
111110

Graph 105, order 6.
001111
001110
110011
110001
111001
101110

Graph 106, order 6.
001111
001111
110011
110000
111001
111010

Graph 107, order 6.
001111
001111
110011
110001
111000
111100

Graph 108, order 6.
001111
001111
110011
110001
111001
111110

Graph 109, order 6.
001111
001111
110011
110011
111100
111100

Graph 110, order 6.
001111
001111
110011
110011
111101
111110

Graph 111, order 6.
001111
001111
110111
111011
111101
111110

Graph 112, order 6.
011111
101111
110111
111011
111101
111110
